9.795918367346938549e-01
9.795918367346938549e-01
9.591836734693877098e-01
8.775510204081632404e-01
9.795918367346938549e-01
9.591836734693877098e-01
8.979591836734693855e-01
9.591836734693877098e-01
9.795918367346938549e-01
8.571428571428570953e-01
9.591836734693877098e-01
9.387755102040816757e-01
9.183673469387755306e-01
9.591836734693877098e-01
9.387755102040816757e-01
1.000000000000000000e+00
9.387755102040816757e-01
1.000000000000000000e+00
9.387755102040816757e-01
1.000000000000000000e+00
1.000000000000000000e+00
9.387755102040816757e-01
9.183673469387755306e-01
9.795918367346938549e-01
9.591836734693877098e-01
9.387755102040816757e-01
1.000000000000000000e+00
9.387755102040816757e-01
9.591836734693877098e-01
9.591836734693877098e-01
8.979591836734693855e-01
9.795918367346938549e-01
9.795918367346938549e-01
9.183673469387755306e-01
9.795918367346938549e-01
9.387755102040816757e-01
7.551020408163264808e-01
9.183673469387755306e-01
9.795918367346938549e-01
8.163265306122449161e-01
9.387755102040816757e-01
9.795918367346938549e-01
9.387755102040816757e-01
1.000000000000000000e+00
8.979591836734693855e-01
9.591836734693877098e-01
9.591836734693877098e-01
9.591836734693877098e-01
1.000000000000000000e+00
9.591836734693877098e-01
